2300
6409.58963243877 7622.716265099477
9516.856183917207 6829.182893840271
4653.642051634242 6830.919050400329
8919.288808545862 6.770500516065647
9109.59794706685 891.6883974265654
6417.645775015458 3840.7738443572425
105.1667802541445 9646.294579382617
6475.5618371994115 3548.3709404202336
8127.062446105011 8021.947151065203
5336.848749482044 980.3151508343088
1757.0634455831057 7141.378640674673
4174.969234720508 6525.466066524924
1977.8467629674312 7102.798464410312
1760.3314265859815 9992.004415589416
3556.943777028059 1769.8993078281378
4982.96293931972 9159.517642136372
7571.099355743082 1797.6900737943624
4690.4857797213135 840.5945203742859
6624.081450914554 8714.185717694636
45.70674111798456 3069.3056016130727
8.044828000062232 7245.164450176431
7777.067000096816 2014.9566761056715
5920.108150690524 2050.949102943502
1323.2612172408876 5025.3749926715445
6848.016765729055 9649.591751857268
2505.6229424313246 8721.598112469417
8595.46015136736 8641.753899878931
4773.67990681574 6383.373427628218
9376.810356515107 3779.3084598648884
7519.695155233068 9810.869940656039
1755.0738404868682 8470.432041525235
7035.934535809878 8626.19588138164
8687.948594698484 4802.873243643014
1204.8244698295573 6537.495822095538
1381.0123772468176 6734.587534077524
4921.816798309365 682.3697013362951
4947.725062279435 8325.04865779899
6413.976220507918 4135.87328671364
4821.443822185773 2613.6929976464507
1378.1605197070812 3260.7553635950826
6829.981508187339 2638.6154620273974
5913.900572033479 4946.078251296717
8765.067644119841 3106.433758843079
2882.915308430043 8820.146103871299
9557.693514037603 2150.2732023402928
8786.51093876789 1588.2083346222987
3425.0644594038627 6260.300230785674
3323.9069637265507 7695.8359703505585
2021.890450617082 5366.034811632515
6277.752071768989 4518.54620238746
892.9711934659201 3404.0498675323406
5986.764122400648 1123.6969232605188
7862.956995634038 7147.98843216809
4696.34071983586 5529.46943463554
818.3740745977918 1946.2779766641224
9152.581672471862 263.73135320592047
471.5920283808306 6433.42876012834
432.55049589717044 7010.040959490631
4663.184176088039 6828.173254757532
4798.909675745316 3625.266911617416
5100.145570669462 7041.388846370135
3612.1654372769553 9098.724681187972
7937.892428906452 4617.417477492432
6493.227445659212 6573.570892812063
722.9450747126198 9928.08948990848
1002.477389922114 9443.045267661402
7457.108457504789 1231.2200209453094
8071.745199194116 1680.8054004589312
5177.416889586887 7384.264486786869
3116.7560114362814 7203.250587505491
7597.291861686208 8569.549696892487
8662.05867609699 9242.93613306509
2985.4044413760607 3148.876074752696
1210.4258074591967 2492.736126376104
4239.668742258571 6524.676541389179
2168.2451198767662 1517.2741840291615
7633.868612203655 892.72377633695
2034.9622823031123 9273.876687967695
4013.170024195335 7849.598619092386
7972.555345024995 5296.651394994288
7327.97499964457 9785.586859978523
5440.928286860194 650.88328309017
7644.36655299379 8461.032205085188
9989.98156203545 3963.602398069794
6501.999839116409 8582.951061098333
8404.049924595027 8288.892544733502
6596.503799678464 1533.3469001047351
5163.517767822698 5147.1484723200665
7260.159197221955 8794.624180426872
3735.47377724736 8431.66790335754
966.9803280404865 5210.722428772563
8391.380615128539 593.6957175646739
7539.7699510186985 3343.5469731452195
5959.9531200483425 8090.279745471197
5607.290648951405 9082.476026694614
9781.624267153558 4903.599784840566
6080.38174419703 6855.73897027283
2027.1272755722803 9944.167545845648
6976.503853613376 4031.5420484036813
7250.0053696508485 9584.351727474857
3704.466303553442 3060.9399742420574
1720.4802698002975 736.6274955556262
7130.702015977763 6264.789839077808
5862.853513298437 3791.176278705197
7523.585200774773 646.0688779142009
3934.505410942686 9165.409764335105
6092.697078145878 3937.576210510989
9765.44088305092 5403.5936326911515
3965.6355778184693 9431.65416881235
3864.1137866710305 4186.786997829886
4665.040948066763 8647.604140806348
2101.679476240692 4440.066055133908
3128.9805414860107 9207.60075724953
5064.16758636032 2590.61622498297
9548.300365560282 757.8082081038007
6624.963699938186 7055.28068916919
6505.239825675005 9637.392489098524
8.569382374093992 6197.737123242111
8091.175289856616 4929.10077283858
9242.643693744883 5669.007806801233
2483.3155849254094 2002.937429995566
4671.665834291275 4777.498616154408
7434.804614582171 4783.494179810731
2765.501081298417 244.6963969135374
8366.863825696424 4596.965025147291
1990.353962835415 9000.826786896627
8738.389498506682 9245.770525002412
3979.330897278137 1144.5727495122483
128.671162621109 390.8568581225036
369.6861474839197 6881.572165366515
4746.7168274252645 5035.51829034327
5757.5349877771805 5053.183945119466
4061.0938070631473 8323.041205882884
9177.912217697389 9788.014478346857
571.8344081820925 483.57625855315337
7524.771311010991 9562.156250711727
2912.26049728198 5722.148111781887
5326.850146638272 652.0604842676203
996.7851350741985 2662.0665824566304
1043.267877526638 7791.520297675499
8402.177850069982 1935.2750819166754
2561.5287480906622 7384.000220286404
3227.2823785298897 9137.9196871747
8471.611371037954 5861.215734086372
3702.2914900306937 9623.237011196428
6513.011708333244 649.3953118283303
8918.197008134412 5336.182254176764
9239.284496151795 216.72122875754374
226.19845779249582 3703.102705158582
3342.1136032946406 5953.496492114317
7876.7567854848785 2417.8103792495363
5066.338729613121 4525.615592749512
1235.8382554785908 8706.5781111383
3712.0653442567855 4828.105980160835
5649.653615157997 1406.1381480382906
2398.4869666683185 2422.617247084423
6907.984482782365 4241.543644171896
4491.513729677642 755.9477217938337
7088.122599465779 3979.69767021733
4826.4920951448885 4457.949453033207
3884.798993834374 755.806861092907
7984.343070920644 7212.484248661589
112.09869907140124 8799.003311108925
1278.7305292371952 7887.830315031805
5027.596348663988 9064.800654778255
4824.902262614302 3021.9903654035816
4014.5772360308883 6919.875575180654
3401.2457363352546 1251.9790068853188
6100.44674684182 1869.8291235808883
5992.144272862808 3659.723733189011
4354.678529189002 4268.2938434051775
888.1651376265177 5831.444886932393
2705.069494460058 5879.585149519733
366.3515118207283 7166.768312795064
6755.2979768219875 5978.684658477754
3790.7362989113235 2597.5172948130507
9180.265953790817 2736.9499638989028
2114.5021211647386 6835.727796127612
4276.961308257161 5769.52522303957
7064.398218471783 4622.555166850657
136.51519038625048 9678.704751607758
9447.375859948865 5360.049147696258
6613.802328301377 403.6522764614181
6346.342122323561 5767.840309456756
8949.88205958086 7686.023094337225
6890.164124418931 4576.896932145235
2762.8993462825556 3433.0303540507657
358.6527892735303 6209.591319406967
4378.638656742755 7907.30201896477
9602.646207929416 200.7956595629612
1272.4416446631415 5331.661647047853
5824.255425369374 4070.8697732086785
4521.580972572267 9936.84695572929
411.8886716053727 8138.138028365268
4179.789634849443 6707.302748187503
1092.5559591677647 6583.543926433886
4399.072516926564 8566.69973615868
7316.148936460908 2393.54027670194
1430.0930446894179 4522.786841226114
4131.379224506939 1002.3308751855342
5438.841485110722 5568.786265624506
7083.268489040621 3714.6024500641583
6732.8006768308205 7543.29461971351
51.804079804348426 5943.957929542453
8250.165196642545 685.5212939930256
5361.116296392944 3215.901957011066
6869.3923833931385 339.54468271166104
9477.412029930088 1793.2263663117576
2457.022902524447 2744.625876827964
2200.7510132347643 5207.46871363715
9330.2382623584 1697.5269095006129
9611.004508573695 3753.3969480303585
7848.780951847231 6756.311257495292
6915.073892089839 1419.6325873244853
8737.48792899931 8891.561810875652
504.6903597527041 7244.439462438119
3547.319419050099 997.3095399041132
5507.994706230383 4819.676905762266
8178.575513570586 8192.998661575837
7092.256701781952 1674.3417429161666
4472.533387660591 4528.684658201349
8299.932977154886 3642.747843196259
1169.0945985391322 7570.813711811933
503.3922115866796 444.27644910176366
6254.5500220429185 5434.255530982958
7319.383772394273 6414.993675130303
8855.786284636628 429.47910302968296
7636.028378946187 1282.930655639619
1975.4559398388983 9126.499114933858
7721.50638560175 2262.4607664548535
4787.333164914937 8172.623658640963
4522.567623534009 138.9535072207748
2488.9858674457487 9369.91549870013
3490.424942997968 850.7154679324458
5538.49434592013 8556.564938779173
5617.952020212007 4231.641741408848
5306.203193640506 439.6397858334533
4623.612263558561 3141.0559720421584
7027.658099586256 3951.6614149895877
7087.149468806756 953.2728486764253
8094.872931180234 2549.6458752763106
2673.900761036927 6601.337414332693
7004.266067555834 9574.868359418322
5599.541757243817 4584.2825768978555
4288.568323262521 5856.295104472931
8678.115511361866 4383.173034814403
298.66768768857963 1374.1000998804952
882.1111467610987 6906.831439724005
2832.14089293494 2315.8991352952116
2011.7048981968221 5722.932178381341
145.5301265078246 6969.623102188256
959.8245921346382 5033.494055596283
3713.676627384237 2079.2601706932
9235.345735807123 324.51653350011213
2428.1893432578504 7847.9479702996205
2436.7703121327245 4454.38601243562
156.4913768854892 6334.184050753058
1998.0242095472368 8539.707184531193
8480.254530385064 8907.845172638565
942.5819747896446 3202.872646570869
9869.782168609607 3144.7264811875907
4419.235969997037 6179.220124366438
3060.773809520152 2601.0683203093045
2014.9458120206843 1757.234532860572
4227.085696609331 48.50937069942329
9247.18983759438 980.4320724660154
5668.04378819628 5916.365447589626
5907.821697288583 4647.5486556453025
8619.309810155668 8269.531119972466
5631.0274251634155 709.041115738146
4846.323379341425 1262.15900806125
6881.654554799444 5023.074037505031
7288.582953921378 204.8851965969434
3107.7311650566276 4838.888906095805
2777.651457344139 273.66389913462183
599.3426506033372 5557.342347036533
1103.2963146299157 5441.732792232165
6060.715519470352 6474.700150873357
929.0083923210445 2820.0132134870114
9120.199315638603 959.371562658069
7957.766717239687 1456.52513231038
9238.004054737907 9324.910947135615
745.4949710079906 7503.63075244758
1277.9233457860328 1403.9818989701369
9883.979509893266 6778.396700834745
7534.014549649078 5350.512870498909
198.90625367608993 4133.5990517288565
7354.914804992778 5942.486926465008
7165.997077746341 606.1593519592268
4968.092856238796 1721.3387944268022
3667.0420575536723 9476.497368678434
9986.58959741127 7934.849289626819
3757.687040392332 3191.9270435493263
4877.036412118412 6033.398213507248
1367.2536419603375 9864.914399159472
5438.977989960851 7987.254617885427
5328.488399852821 1908.1824029504157
1736.1786421952497 292.0509513306635
6935.847939633732 3175.0059188976475
2951.840125960602 7852.933733689967
1102.9686146816375 99.94182738881752
8496.77714270129 8789.90028269079
6755.431048133195 3756.43687208723
3783.3250396382646 1547.4628875808328
6132.288435519673 1548.629304225323
1223.5111896638907 7624.3310203716865
1473.6267030434135 235.35755090319466
1708.3825819010667 9609.01725790176
9182.119768840215 7302.200519882342
6057.514603789273 9129.053479404858
6831.229808886411 2990.6144181961636
4845.253925871102 5147.492154270168
9517.809605473334 768.8177597743339
2741.0934187512194 9617.635038718472
2210.0019129141733 3878.262200617767
8054.574425626999 6818.693868916933
8564.462935100506 3268.8348594616314
5151.625267060773 7723.54351599631
6779.548019535733 9328.320681450743
4161.572952516582 9595.690478324146
4605.76984362521 2148.2360374382247
1298.7382101746814 452.5446702484415
896.273567246515 4496.1582636905905
3588.9553174673806 5208.044684295307
5258.672654605817 4810.092987234989
375.0828994134436 5916.976064776733
3947.9976674249815 1956.1413329148181
3729.4049651348273 1577.9590550478163
7710.74400958103 9350.488428082686
2086.4748741289054 2455.1396471658472
8416.298337045902 333.204969774652
7213.748507178734 8115.570715905046
6784.833463196362 8980.739828556812
7194.485199130525 9306.88729279459
3609.111148364812 1106.6621052133962
932.4417930640483 8710.508301244727
5128.207342796899 1666.785227906974
7554.983597267945 329.2354744412107
6677.487459449803 7741.4894647125175
1359.3615718073193 9773.326244858947
8561.415661739808 4404.036158865286
4759.178025307426 2681.469437568783
2626.2917445588605 9995.308622147828
5194.712268362017 9289.189243535013
4905.004895750261 2588.2251018702427
2428.1153925241074 1021.7159197253078
6425.304335054511 6355.6019215541655
6717.481450308812 4338.982477865304
8737.690784769979 3807.0423375019336
2595.9580673783944 1610.510122370793
2675.132739490298 3229.0880194912943
9168.429972663935 9496.69897475945
525.593045347843 2981.4039873568254
8490.499647289043 6292.1721463079875
4311.461995177796 9771.080929546795
2723.353817468945 2387.7346161729997
9890.137356875495 6237.2892159582
8734.508805069276 775.739034266194
887.5403179914676 8822.605679097915
691.0887845175828 5175.747273285275
2016.7105402216512 6097.7658099645805
9635.953941037666 9991.613023131582
8726.757344819485 6128.715710790552
5556.539410425723 5159.780814837436
9206.435827508672 5653.281100603384
7990.635850598904 7880.534884384957
1940.7253602311503 8282.852254430187
9156.717729857557 42.354408385889556
7763.6875912529495 8023.774733869311
1626.6666585374123 9336.822600561723
3357.585181135562 1208.1336636430008
8603.009353553294 4005.1806254049848
1656.3834851198533 4888.072869838821
3567.403549644339 4239.518485752839
2852.134442778056 7330.149203808332
4355.717770512368 9396.871168776597
3302.7854774217512 4525.689658171299
6518.044320179409 4397.890295198636
4825.910716547609 2139.6852181275285
1119.8452502016187 1463.2843908216698
8833.712304909852 9912.20621459557
5044.951292120658 5925.999361364708
882.3017899314677 9739.340195070099
4022.129052611739 9164.838634183421
4494.535209826231 4848.292335382607
6398.606947316603 7592.506000007486
3868.4078162244064 3656.6072110601212
2614.228591125569 8402.896941463772
8403.927430661768 8315.068697025788
4905.187175648234 3788.9019393986255
5343.204827670367 3202.599118910234
3356.272011184501 783.8267488417027
7280.560993149301 9639.513849192475
632.3847324855702 6576.397640900763
9936.333476418247 8788.592897906741
4269.359299148639 2318.3843928654524
7856.913103947224 8643.340812847278
53.42587519651665 3129.9877422883615
5429.133056048487 9535.272761481467
9901.394338833587 5773.199423354006
1152.9134661215967 6541.992484400368
9165.084792089156 3107.3677563466695
2433.431645845482 1686.860492690363
7458.679253518005 5578.201079461364
6764.025196193267 3186.757001233633
378.21022935280223 1956.446136889264
4585.522012627049 9101.590669517629
7065.388636506722 5044.221824905356
2529.9740198850764 513.4081127312618
1817.2046372155671 6835.574218213186
2376.62930466512 1601.7161735942543
109.36665999978223 1088.6526480298287
9807.554683401524 7346.042663419804
9098.129559713563 7729.13355484607
4027.638612481452 6714.749003480446
332.9358313474562 9415.791767293327
6791.612639512084 3027.0321971217186
2641.7467948106055 5280.317348938563
1435.3567139367863 7487.246213011158
1654.5666760335976 6338.225338973577
5543.988474505157 2252.4969154574046
7697.335109034095 5404.299119985822
7320.031280537756 7.71241617272711
8235.616192150957 2345.6723848586194
1800.905646315477 8387.120238174924
5324.965048421849 7697.916101123191
2793.4676250497614 9525.66953100634
9399.7461814472 8654.205436356317
7616.134692047561 4040.085592378033
5687.087492401054 4530.666989786168
6498.9873348662295 2207.332164309519
1563.6738038363428 5099.070949713133
5723.159910794262 560.883516247187
5759.412561035975 8493.239635798249
2174.0985835207184 4254.889971036098
3336.750690170017 9904.515627014982
4720.863244434038 4616.190643983094
7560.84558319887 1528.1647058714466
9536.86315532642 4923.98949852439
3402.4837470984294 38.425414865546074
1253.162217576199 6132.098291126362
6470.295134532706 5019.438387015428
2531.524730151474 384.8750613399932
4764.8202438930775 9178.830849631693
2536.7888804466334 7855.393840465189
4430.994534104781 3705.2608423406773
3820.4633986795698 328.8572738378703
693.9858909632635 9036.508544484694
4770.124193838155 5948.065848219969
9299.94719012552 7367.260764124961
4908.129067411765 2864.9138408055787
1120.005947500843 8738.737952884469
6602.777505991905 7687.876795397894
5957.4146263602715 6425.568093201011
3612.2960655206625 625.3539021785093
2755.6787148444837 4360.694120894523
3429.9880679855264 9649.494512463674
968.0863824261854 4831.067364406439
2826.6349327442585 7715.101503697129
8836.572252076146 1956.3955309776793
8052.622080596573 3321.4401046740604
2013.866877522268 9387.825794070355
9344.593014078264 6124.4260487325455
5917.7536383377765 3634.0529938667887
9985.16974504726 7701.97758627037
8327.115720731328 1669.2620042082317
1569.4304400582048 5405.725290512771
1742.8413809269139 9558.448171791797
7997.439990514207 950.1498299630873
7374.87649272615 7267.144727084785
6107.668314724365 1986.9529871204295
8069.150084950957 2239.166055973264
5479.054668385224 4284.142816857824
8480.831791386452 2037.0133289296855
4215.491564954008 813.5229388966447
9357.589626292285 1867.4055086030905
1071.7857758377847 3586.223149727905
6691.529567776061 8340.707463027647
6838.586118984921 2113.8849561002016
9598.834846061636 8484.073556987947
6855.706824144146 5111.4599207292995
2001.7782008233876 8968.341539604377
5719.066259757907 6941.074977453468
7848.280473858021 3757.4748745484344
9751.548314816413 8945.549020214481
87.14117307061508 2869.141729945933
8053.129788348484 7016.309965823163
6626.393850995513 9183.685635260737
8759.259438574718 3393.561602348669
4235.198211394096 1883.235038202814
9888.410287099305 3310.983811375381
326.2409477958683 3431.531461873634
1816.8600715771754 6566.948590460474
857.0075220584083 8033.275474978364
3614.5069417497975 6297.164179559944
602.9608722119939 2890.3556855378397
9680.096823236678 6584.778729062444
5430.636531010539 2268.335602895378
8040.443237180222 6382.389804800663
1617.0952406078477 6208.175655153154
5215.8057595601 9471.826402593253
3653.439389943288 3550.953918111819
8349.050060387435 9184.437725059019
5487.7809462160885 5604.897778474439
375.02557224326716 2405.993186865587
756.2555912035007 9105.354495671652
233.09410318477663 6632.234698286497
6216.7234884459685 9672.22444516898
877.7496639364979 2179.445071168922
7112.463216409146 8744.928991673205
2033.6745208712648 4059.7513163739627
2018.6303341216815 7903.692594129852
2335.3197248401193 7812.833364192351
2855.797230637067 3656.906044263002
7485.534851069894 2355.5518581215597
7266.505476346612 78.00571237131959
9680.979822521105 2215.562592322342
3261.494238745766 5980.094532202618
1916.9545289664325 9919.862001575828
2750.6006656544446 7.88728920383841
9238.79740335223 7226.227755998219
3976.868892269512 2160.930024836889
9473.568643179027 9886.43632004988
2330.609940005487 6727.823527282218
9025.076321969651 507.9706635886494
4850.648908151769 1058.183211638466
9969.781035934173 9554.239809174249
5864.4702179106935 686.7586283174587
3105.7872721627623 277.16763191241944
5813.533480847694 200.8762065865577
5496.706916455935 7457.682073831654
174.88399453403193 9053.250383269788
1998.9792224745017 1567.3187087502672
2336.731229643201 939.9109403818873
9533.76903071587 3359.587632702924
3529.4092228165096 4871.369628387782
2277.4470910257314 1135.48360272539
4483.533682805405 651.9282245216663
2116.831012683934 249.8018346084785
5123.81454087864 7689.963826680001
5408.998060373216 437.96160710815155
7715.365706907518 29.639314424625418
1295.1811808803782 8381.15433825892
8053.499447213088 3601.38226209199
8021.656142164705 1898.3629116059076
6618.736686585379 6244.481878688544
9518.352595265256 1593.0144416679059
5555.158948399918 4758.468974903388
6320.903184045549 2704.122683770244
5852.610176222527 1123.1091601861854
9661.356210847702 5712.208200741864
5750.745317762408 5103.100263101938
7732.301431102164 5112.125041365649
3761.3875083881744 2121.3063341955863
4229.013463351284 600.2987024360029
6658.297334326214 6282.779462837749
2381.6877725828344 8728.164969001398
3982.6166035354927 7198.778804628632
5081.986922463161 9453.482478398
3891.3922668930236 5556.374501929999
4907.172267781303 286.8260533945488
4899.783830909892 7559.951957249607
6286.3900341738245 2526.024900844712
8283.640313485748 822.9512565606833
3772.818607211181 3734.801537302973
1480.1021203440966 7402.343456040868
6958.903594400176 2817.080718747652
1780.2702736818765 7076.580656280441
8202.646650476403 4762.9260013102985
5101.699653918541 5134.187877298075
6459.63981492116 5027.629765221917
2787.3870689730206 9447.813035311421
3445.8164987528726 9508.116607524475
5072.530898841945 3285.829708962954
9223.108403044102 5217.584223165195
3064.97649269742 5019.3411926124145
1274.343104428628 9174.579871784968
6123.407623983496 5758.521737604583
7977.094603047536 2692.420794248724
3596.138350095521 9155.414921578142
8270.640221695434 3486.3030110753825
2039.6657685488751 6084.621592297126
2247.355240899447 1435.8033890030752
6942.702298212722 5090.477003862627
1909.0687421664697 9015.970180074475
6788.901967222748 6911.7272340901045
4219.865918044773 7593.731133401349
1145.1608590349804 9345.800105830813
1841.8696605623174 7300.579642308274
8587.785905711573 2071.651195479467
7503.44653155133 3056.167754810126
9896.184464867469 1989.3519598087116
8544.375236832717 7741.418813560944
2954.5519274365884 4776.157280834867
6646.928171262195 3936.2194623972614
3016.892363218995 4441.756292293938
9735.48020215767 7470.906893984529
9077.61117094925 1646.4520609323563
6883.2742293053025 3577.9695051393346
8242.287864161779 7957.443433503781
6065.661887118047 4663.533330993426
4137.021764006717 3836.9779049731033
577.0618181389498 6833.672800727057
2285.3107201355137 6885.6319564723735
3130.70969410719 508.05772230217536
3948.5058848400677 4881.473153791387
6409.7265903747 2320.759251524811
2403.1045780538375 6157.806559442429
2550.7278858728287 2725.5782387846193
3322.417652109475 5144.236786763473
216.15630981679735 8526.988832960054
9144.373118907313 3849.127543532789
2190.655517128227 9746.12818422782
220.3796147334691 3371.9251001856956
9934.464377042237 3815.447670200529
205.55054775023285 4947.780821550947
6162.562309260493 4499.059915983518
1881.5246338289683 2242.4934442362023
5231.530662364979 8514.874963948634
6591.984224774347 6698.510504267733
1247.8689391628927 1568.1268519436487
8937.44265308602 185.73250392817542
8799.48558846592 7794.168458688779
2982.560225393197 2112.6579952817915
6860.341975128204 5285.144366751968
7984.718500161942 7484.039654776518
6058.96935387615 9310.13920856671
2127.691010650743 479.2863284387172
4084.201620147545 886.7001366872352
5790.221371886043 4890.505645643912
4235.796931252472 8620.97872146489
4437.388191263084 4758.594256821201
8604.337958189131 2806.0916621370734
6711.310387441606 2384.331813542636
5908.02678472042 9148.955073964922
2620.7496553617016 7037.953404217498
3477.863570952816 8469.089115118279
9665.446162268872 8056.947734471739
5870.899793594554 4656.713015435623
7722.295974827775 1799.6624194358646
2652.6372360471782 3323.894419089458
2090.866588820536 3120.3551470229586
1685.4486168139172 5336.2721611322395
724.9328934235577 6153.0529369433725
9813.82775577622 3155.2108402890176
4781.758301915128 2943.2654559236103
9296.609375700851 7056.783252109172
1822.9727733319223 5643.73373360785
243.83251088890057 4615.176298568792
4233.151307772361 9944.25094191302
2449.6803909490573 1031.6830284969446
1619.057629867101 628.0694918268525
8774.40738266506 4609.331518302499
218.3673586557222 7540.907634680731
8554.742722152885 3647.35999203216
537.1183777251931 9180.473246706864
5773.234587679958 3109.244543046638
7105.451887862239 1748.0715193316964
4605.763460388964 1394.502998143481
2757.2027322237336 3819.126415130548
6293.967399567243 2668.0874587198123
1337.2337769697385 3865.042087131649
4982.82158102376 6294.593022252252
498.0194615332112 5750.055538496998
3393.4136565765693 8997.508757501511
9731.480939717187 8335.733358835645
3835.4258755875735 8814.73119400022
3290.2726543590697 9448.501567932399
244.4721821850837 4090.331090925974
7252.981483161875 6426.346474739691
780.4844101178387 7675.209284517303
2684.6140482418823 2036.6056960451306
2835.953151519972 2977.9659830612673
5087.128843091413 1038.2481672450606
7523.703050202768 7532.397986131939
5674.283840680616 8629.176323714248
6712.404810498743 5102.946525833835
1507.6363782721114 7480.320896054969
1900.7539426867747 8177.812478230927
5971.644632721665 1484.668136139109
4089.7283297263252 2290.6208641847293
5810.273769219685 1277.0798991119225
2856.7813025284904 7561.152333648746
1632.0205215018268 4362.948267403633
2463.7971201359765 3100.68208344255
7018.720215626918 278.5482406199558
717.4959921584478 8940.609597251772
6078.131488700106 836.6988124115959
4355.418392122999 7132.70822439503
7885.033022568083 9386.965427467154
5337.788189811971 2026.1287571216114
726.4393416534709 4583.499373569729
2601.996381792873 9355.76042932489
3768.0745829435714 4156.969064099212
3004.562476123076 2421.334875167532
4621.496887762339 5156.659710217862
3120.584416136776 1968.7548403576682
8701.845621059536 8564.229868297944
1881.8025743782719 2433.957469830423
257.54907252610207 4844.038986090609
326.4354197757491 1889.5394401215194
3175.801287409874 4141.11630915312
7790.56211801381 8044.980727064295
1397.0153092211713 9965.0099046595
1871.9537883909031 7750.505775581698
7867.673159080779 4293.736162622175
3053.8482251836895 7804.900935274697
8587.741256998686 8144.112360711969
5279.728351185487 2530.38237354554
9352.17235875879 1687.5931391866761
21.80286415244592 3227.819444412924
7104.153513625757 8702.44475397982
5439.506890793619 1129.1527917231615
1950.6474595862067 5133.981472843578
1700.7731393258762 9541.833043067247
4927.000401213497 3188.8938861218153
4071.4187522501256 504.49321461963234
2551.6447930133636 6665.987556485457
4004.5344968444165 5971.471106885039
781.441867273489 3028.9747496482764
6308.229734513005 6648.5287838485
9285.87355612649 1423.56364340818
6996.826646975892 6096.9238480941885
8842.387656878938 6291.817532180535
9778.850972652372 2615.7906240456396
5336.323271802382 2078.212212134071
4696.724827101014 1296.3830998811932
207.39042028948938 8708.415940762541
861.3371312824647 2460.8046657781656
9698.85182915083 6921.043500634526
2388.5797629991803 8638.566870939481
6634.982737756134 210.17142535704525
7339.889462505713 3875.6572578557393
1850.4416193125373 3435.692703083357
5450.883694543599 1553.522101434499
1447.9540737762409 6908.318340821821
2478.111354431093 2243.763417269562
6797.788079384737 3695.1245272031606
4447.942265512664 7101.692179617971
6490.395520070281 7283.684383906613
1665.577680256869 1956.4759338473737
2484.140133589242 9139.627724848391
2056.755373288908 9929.923441018613
3126.103810111497 9952.136594481035
9764.79122479181 6677.210137615388
7731.295532605012 9048.142756728104
5511.551952708448 3928.93923224934
4774.229624929432 2410.287865216263
4456.920246112262 4603.5748098026
2689.242879003583 3188.611948858363
7135.570143736538 5389.952597500303
6836.872165799802 9854.264540081096
6394.552937199397 49.68236471049714
2559.216375450989 7190.437856618307
6513.385736422187 8885.67256128557
6930.605769345963 4534.086038996032
9988.224052101268 96.40957143747686
2592.726163306396 9526.301379053051
9645.972761590981 8255.508815944675
9686.833242282239 4687.765615340464
8380.896580750534 2095.110946756258
9381.571440428106 1625.2593156154937
1978.7308810208526 8199.581955879481
7869.489629443904 6035.187100196695
5858.086872547844 5176.341091700038
7855.460019673318 517.7595858780148
5878.040939460946 6670.996015043635
3983.9127431992215 6892.227537814849
3648.0286477716895 4011.623540765845
5098.770012266685 1058.001074431495
5655.882749389712 8610.500691292147
59.231243122969126 3184.121333628368
2276.2067025499186 4172.453510809487
5873.6352141235075 8436.669345637874
9111.17476365255 3120.16630041937
9417.534590576844 4620.679180219558
2090.5916166489637 4802.580987657402
1048.4697316958468 3277.705833492499
3151.981568973946 2831.8716527847896
2776.441838691673 6915.048278214747
695.6321436462542 1407.741753559497
18.072085207531117 3085.513921336882
3983.043617762837 6313.331881459266
71.39395464313748 252.1142308372004
5984.443529655711 1792.3834026290008
6975.496740654146 9860.265667960266
6403.769297510682 3956.04033854466
2412.419183424793 5077.991237956723
5868.898562946553 6784.526270563702
3245.832838645998 6400.402934026493
8759.39488085783 6213.5681012713185
2436.332459017493 9618.89106062232
3143.3094252232795 5300.549081470993
9283.020912522079 8804.24912224172
610.1619887819843 8996.67883098019
4880.868713304407 7409.879153453568
8119.885923946329 572.2160765632511
1552.890978174354 2638.0964611342993
3109.2045134209443 1347.111426164097
4297.774609718977 6928.89694297628
6591.779939065965 9539.877572708432
6667.430165782342 8415.636896971222
601.5728453607261 1643.552485987302
884.4692715246272 9309.290426798872
4348.637306966716 5111.259762031859
1855.9817471170227 4594.609582720722
1024.1028526323294 3438.1964773892128
2231.6814028602626 6741.409388200924
96.23025284809516 9906.82088045455
5910.768216611897 2152.4724750007194
9797.04331026444 2106.8925601443866
8015.541004513451 1771.9701995520065
9630.658779467887 6872.434485424434
4588.7467813829 1559.677847860802
6387.937945210587 4218.645862158249
8812.60828307402 2064.4340889680147
3993.6893199734413 7439.937322469094
3066.634074180298 4992.096593583171
6472.434150752491 4112.068003600541
2859.0042512130244 1273.293955567808
6879.260700046252 2602.3340340192126
6650.875687576022 2999.0233594335814
2990.606749803899 1096.286691767816
3424.7899935482274 1918.3083424894398
1890.7269256421832 9002.485853854538
23.73925513773245 7934.090099158081
7919.601472281298 9680.262089829068
9808.278210251388 4054.2483377801454
8397.216384073909 8382.957271336794
2821.07926654271 1749.6590163598225
8960.223317615571 43.01950198683846
2931.5116519747185 7472.598260199066
8896.109698743945 7358.401888031562
2929.667029544961 308.58113861134575
5633.34302798789 3438.8729889899596
6684.273633885602 8408.372503379192
6247.682315695664 2849.466091636377
4441.314039695786 2757.8274483094033
4067.1430654541196 1886.9952721154393
4407.112598667203 1500.1114935756677
7288.095870917486 9669.635827377346
9548.549910712893 4169.403977356995
1047.1772219642817 7083.737961701555
2077.8204133467116 4955.324593684994
229.87328995092037 4604.440652418659
1239.0982544954654 5048.952848327503
1341.2983279536338 6199.327872340004
5669.727046877057 3734.4443683173736
9630.95042938635 7614.20554796574
8890.005541793393 3431.728640326103
9187.854721728132 1128.5881078293326
6665.0042547338935 7650.854322727386
173.22944994899058 5603.661678688871
5793.081997877371 6599.606863892758
9056.317197705075 9640.526722792745
200.93200617766092 5631.703294276501
5017.721985715539 953.2547717861262
5854.068218865327 8732.188151682127
7716.445662621972 7653.201179865665
8904.061699360067 1961.1103439475685
4760.900788567071 4277.245997099847
517.0540198176732 6639.33531732989
8682.516113385167 4491.572403881694
6220.320714477635 9005.275067763288
9851.223080246791 224.63345736079665
6844.787078981388 2963.627489052788
9385.449257705066 5746.695194969528
2812.7765331186706 9896.311621817273
7431.7592246980075 1320.8390805856186
4315.510794800367 8520.401861159447
9599.631511821377 2377.524901280159
4269.481244577757 1608.2843078072285
9342.13825891947 5021.813657137299
8786.763591595149 1502.6302606940067
1579.9325046438018 9784.451861709065
2046.135169996699 8472.02780881553
1510.340016561218 9675.422881348884
3596.2633842986147 6959.374018156921
16.67895574254952 9914.367978240818
9373.631623118805 8831.63388755916
6819.23579080862 2792.6488097122615
9263.28724654766 4572.615154005069
7442.854608180533 4325.7512593189695
5253.503686097696 980.6253340354754
3027.224387069912 3423.0020113463133
3637.3357923449844 9867.599601693668
2544.813366475589 7819.061901372248
4721.912199277906 6696.328000090268
1455.2232872324578 1913.2963493793309
3254.173264723361 7387.638470229618
3054.7913371514246 7519.927377004433
7862.333493113538 110.40629960245573
2081.1465253841375 8273.707268536884
7017.926255965441 7954.331130062399
1646.0004565637298 2836.0843305603644
6989.592452945662 8075.850625810825
7505.79913779968 3451.6556127657827
7489.665760015783 8027.410145466857
3353.087454283986 9347.983243626264
4595.292221254853 6758.044565937366
1231.783924987826 6701.12657966761
4600.913154132461 668.5223794126949
7617.106614924479 2392.5116797633004
5390.502189168921 3973.3865667890645
4148.577964507785 1538.9341816025492
9664.815414225488 9979.986010880588
3419.93214409689 4661.656506951805
4550.5794360762175 110.09847455165533
1416.6394637367707 795.0979849642315
7292.240994820184 1109.9331073153617
7467.4632740225225 9551.659828981732
3252.9391471271006 7288.724686440825
1972.7082518827833 2570.4446433971716
4366.160226689893 7081.39228111863
961.7158239775159 5511.609984879104
3237.451202411722 4534.3360253308165
2258.7713895206707 9442.092130675534
4682.223186179281 9240.109202025747
9202.840701773623 5624.470663610556
6966.773258171236 7993.158939726503
8106.6388513829515 1813.843177118558
6136.566716660175 6627.539853038201
7692.164009720404 6581.137428676923
1127.1679532666456 2758.8617163118347
5305.986193435244 5788.493313606864
481.89112235057064 5062.50099940439
7550.257276419818 9835.60858359087
5741.781359332041 6435.824204894182
61.89053443362735 4450.340980051222
2953.2098747483906 7142.712260665934
825.9118951186539 2211.479872152232
5700.587718879085 6598.777235459143
4090.8700845057024 9346.879890838814
2810.202316511676 5598.174291330545
4918.104383752244 1913.5483092112004
545.578541474755 3704.5093255404904
6882.220251533691 1435.8982528515141
7779.3764806635145 6189.343965101141
89.24872011998097 1863.8240826274432
8729.97911265678 3156.787156926196
9928.07071626969 7836.874982924862
2635.8767627772404 1205.4695188187004
5135.393491363035 1719.0959014789576
970.2116554989515 8405.52947134513
1230.8403722794048 3282.0448801742573
2263.325518305399 7141.754650590591
6450.797402408 4207.502179388727
3167.0349077850215 7551.5857948046005
8172.192334746235 7306.48165783945
6457.261790853119 792.5901277089964
2074.8529631278343 1197.544609801654
2327.5606423062854 6457.112419653218
4872.01928525343 5517.500540455313
3079.2354187575397 5803.639716752651
3874.3511959854104 2334.8855679270864
6238.638976250639 9084.511978865143
3454.2460613994 8061.3668315275845
9769.9628258907 4190.285278222857
2546.100770522456 5828.049368964938
3504.5685240287626 5977.1523019356055
8362.081089081277 1409.2192789157755
386.1141615279151 2083.752992449679
5889.394182183213 9376.78065114478
5873.654972060288 8457.47191152263
9187.778744547886 4604.634096283818
602.126411926096 5920.164152870344
4216.729676016055 1820.3721361611713
7477.412198169586 9248.881581071822
4128.518009585819 1201.2102510834754
9859.305870264156 5970.255257952285
4503.762203247203 7181.439406280975
713.8748868845513 9023.38171668722
3989.957507273185 8007.439407799477
7564.250148847018 4940.9240402146215
4638.032800358893 1121.0586723478411
7830.194611149086 3654.497623255607
3103.857173919604 6346.740658107579
4109.459095642045 5411.529734596813
1172.428150666236 675.525467810848
691.7648761228656 4827.784781858555
899.3421637473465 6945.531664857487
7728.5792310122615 3575.91037576093
3087.9004839806403 64.63905099226453
4487.14958580919 4744.481621702987
1193.8641796133054 232.98687184575394
7729.148251254284 7787.306735296326
2385.2613224372685 5633.9288712372945
2468.0995503003132 5087.094780608299
6683.320016451634 3229.9855297429035
1402.1589191833605 6792.209399520968
6050.624181938387 3532.8805287446253
4563.738946077934 3202.7073018956266
4842.340771007163 4450.407291394771
7904.7755403476085 3705.818043910678
6007.106639230884 1694.1720088574318
3245.749342062596 8863.23729121528
9099.798471916425 4445.360520048122
4822.107334491095 299.36761522037835
5232.026347316053 6830.968260385004
5951.437177429917 4990.275807196382
9096.254962224426 8197.04864732121
2885.3891066043902 619.7536290419714
6623.579660453714 2077.050144808722
312.16232307575643 4729.260338600835
314.7175662919743 4936.0480545106475
9349.59071573066 2056.9595352739366
568.333553850211 6917.173574692789
4972.08921027416 2295.03048621047
1745.4282168488444 3780.14040532321
2027.6924908013516 839.3575137494746
7146.294505790315 4734.498272774237
8818.862935652409 4991.456000563384
7613.2809656506815 7784.793173025933
7536.2783616605 8884.461992550256
27.855732677457556 8708.145388708255
2573.8618639421406 5133.727247397266
1180.4848545121272 517.1086893147792
3050.262897049083 2573.5318191845436
3559.23308602763 5505.747457850988
8170.662472204273 1909.5311365744783
4441.1793072284545 945.8104671566214
8489.31996329983 5698.295732195427
1631.6205184516452 9435.252928946875
8235.496953793496 988.5663737689798
3704.7448575932394 3599.3671613002075
6368.401496480289 5106.1242726485725
672.8201527088972 2947.6866866851205
8752.398734220853 843.1539674486644
9140.111455710257 412.96893983986394
9241.111507373467 5867.0342953349445
1127.9966364956085 5003.096181307222
1870.6864312470916 7812.668226777806
5203.657932050198 7890.060656162651
6656.066382546106 9043.731318880084
6556.765081043605 4313.3863647443295
4720.542729255138 124.82114963956681
3775.6597227170328 8694.495910442725
7965.0718509543185 3380.7201697374435
9307.073977245007 9803.846153487386
572.0065545151576 1819.0036029605849
7250.657493256888 453.2529443742006
7752.480272253859 5870.604025301725
8897.72308562082 5134.6391501314865
3803.613169211814 9603.634401230143
3667.0817250791774 5648.364939439034
2801.75252123442 7993.122616879903
5012.1980294315645 9803.23936690985
4175.683484096991 5294.914758481991
2478.5761601508293 3222.462401149148
3494.9119482867654 8953.293799216804
4599.377531125857 2577.635900220977
7678.753139939558 4879.433126712055
3773.492885776689 6134.193756606451
7622.170819533689 2535.048414550256
5358.710186359664 8305.26111803077
4670.638111313556 9892.229224430286
3733.249407300453 7129.920052035902
8522.275437584814 2811.6286585588423
2280.8642632584165 3225.5393122917963
5226.809626184935 542.5865963857024
2330.3858264963474 2757.4851885265493
1069.653242737011 9838.177667003576
9579.759029842115 3023.5863773883143
8856.94195396051 7317.793968905231
9277.982411154853 8020.223971189751
3716.453019623979 243.8420261019969
1061.3295495127861 8796.80544370306
7907.761277738855 4613.388655681297
3432.5059325942075 9404.82835769473
673.2574132792812 2793.973621523883
763.8586316290141 2669.128276442695
5123.469429575653 9105.43391842584
5030.905973657316 1651.2795139173597
4624.209614595872 404.5695473804822
6022.860658531002 2762.6036798415776
9062.681275106948 1265.754481993846
2056.8288344260864 8590.266446826321
6381.216224767049 3872.5222203550293
6866.841567410166 4094.334387903973
9176.497759354903 5403.879476471707
1153.1895635079936 3167.512282303195
7558.062378471415 2736.6896692092923
3261.206107764606 9311.815356494386
6791.403879808734 9642.063364434563
1310.7845361343418 316.6024084863284
3526.446871827649 4056.8150953704017
2657.6541893959693 63.36864412707976
1125.337995290412 2409.927669081282
4520.911604534238 2201.1970689526684
5620.356769956595 2715.8520180777223
5451.559390514739 1595.3766924838387
2656.884854173879 2414.4028526330153
2950.3140807209006 7620.6413909237435
4964.804324298827 9801.380746261702
3943.952409445368 8940.159946878412
5947.412760067228 1439.1190844961288
8004.207348246936 6624.967037596036
323.9296246077628 2973.8087950816316
2278.2756773178835 7304.4032957484105
5165.210780412624 9784.23492015125
1417.3037365231821 376.1861110909959
6746.541721396917 9707.74880917607
7674.811435774675 5533.047143076638
2701.1251894540965 4333.432272263931
3612.0154624369616 9025.509750925334
8878.03392942226 3940.844817762751
5795.552460719996 8004.224949725757
9228.55597649571 1627.6988973209773
569.140931205182 6795.462342976224
9773.296473675191 9527.301798026254
2369.5374317218298 6157.639295463653
8850.909450686655 6645.158090399317
1370.609255916373 7620.541441365836
2910.7649564922353 8898.263912691877
3433.767450698645 5792.673274194244
8939.238766271643 2848.3785977255425
8119.278694448113 8433.669934926578
5208.443983638428 2448.4504417152775
3990.7505486051477 4201.502458639827
4490.36619476311 5002.738807509677
9754.286565592149 5022.630714104554
5798.240529600559 5940.6051987909295
1237.5598362327978 2794.9268923609316
8464.476689868701 5299.139246624578
4412.816186688895 4592.86401182337
9114.732971299803 7983.874412259657
3730.8159716487453 7519.04028170279
3989.7715387427425 5622.925905628669
4813.541691483795 7706.548990889454
3846.2845986237858 4098.977062319451
3731.7330787160586 8538.20548767493
3457.9264718295176 61.44782618778599
5865.558470460837 2241.8489054174806
6914.7468702516035 8566.02530354465
11.56646908055059 4163.558218946633
3682.636638344562 8656.009827037777
130.32591186050158 4136.418813056774
6892.567583124554 6490.893689468824
3976.664989214771 4917.675763426296
8326.928559065458 3481.8763921167483
3714.266080574272 7850.528758109703
674.0577155458571 5151.152025431136
8320.460552326991 4760.035407138543
3123.1315300570163 8713.902512488583
1919.4995267283111 2739.1151465209696
7595.765445344149 1376.7453663015572
2269.6737639288767 5694.309606632241
1509.7222783978725 2916.3230523487628
7054.9408614101985 8452.730738805078
1327.932231795369 2432.5888991921906
8668.072775441438 6609.077101281925
1287.9774137352185 2603.9357931338136
5338.709310273738 5895.054804659548
2950.3247901180316 2206.5682193268676
3421.519681665072 4852.565179481403
2458.332034885009 1462.12062314531
9871.891010246358 28.0959644815737
1152.3815719657482 7204.66110652434
1638.1477740443718 6211.882052767025
5505.628478003148 5485.686699570733
4424.93344849446 8451.592670882897
2573.3544628084546 2325.7391675727545
3352.7696268777518 2281.749830977814
3096.061229304038 48.554437552921215
9588.66075923058 5047.622008122654
7540.654451338122 5546.765571762956
9870.807938242235 1248.0021508651496
5569.5939233664385 1640.87652619746
6217.515301294292 6642.801049140734
5555.485764091188 3374.353625382941
9997.66857319682 9469.327282130085
4213.486972537832 8893.20089388487
851.0449872371751 1983.5567049729298
7971.786424414735 9957.18742606767
2396.4796813572466 6552.495416259857
7556.425539978147 8164.947013962267
8561.798130311856 2012.8408205290737
7263.445812375384 8144.752748274793
3927.283716339428 207.80424826624454
1304.8962136987352 2794.8741596297386
7889.734589483009 2508.920805441811
653.4755290405459 879.523059910512
1346.3674153826455 6310.444538507104
1011.011425055015 8115.349023126124
6888.60800915838 190.26135438505176
4284.021125846332 5931.7142663356035
8424.106322133828 7611.154538879488
7483.996974845592 7324.015433102292
5990.134028456944 1216.8135098168464
9301.938567948866 5699.007057855707
9270.30179018791 1471.602523582224
882.161451935628 8189.683363011953
1869.2145079057855 7687.172710831952
4083.1242695145565 4905.443683530122
2333.8499312326867 8816.646142729745
491.64128888597116 1105.297357923537
2797.3366278003687 6858.1956500025035
235.07714556896042 7332.306681018116
3169.894054333445 4619.954383027809
2134.1255277424143 2189.4170801474124
4430.312022282852 4452.040381677483
111.59065708096327 2684.900061528156
6289.074651875676 357.6424413021828
1974.9065046792357 7480.1649305758
3359.808584045999 6278.486640775517
4097.9248525872035 20.50975802552424
9352.316314042639 902.8822207402787
2359.2414537077875 1036.1204596686591
9013.573731859151 2361.3545037377535
6095.256024754526 9101.822517347011
3668.9587064296416 669.184961347492
3386.164305475592 8811.030891913491
8120.590609425893 1653.157358888222
1015.0694018336537 2195.3061367022465
4099.29288653189 540.9696002801645
8223.130565848123 1396.4960367429092
3198.7266764541455 6926.610470328565
9615.451906598255 613.5595169711683
4956.865478959412 6438.814144126026
5783.679047916524 8403.92635946647
6793.937786784482 2515.4005830437986
2542.6904613684387 5357.088492584257
8732.686538680906 6816.145291920819
4332.136755084774 5947.036740712381
223.76832574679594 6756.632301638594
3477.769180654051 2014.4681537515607
9263.84859698081 9894.713719218727
4903.300476644025 8560.746257780427
4505.0599450985255 2990.8040512366183
6703.4785862865465 3259.791316420506
3520.1909433364085 2170.060330464519
7950.057804175219 4916.029817349754
7120.744884798746 3793.782342567742
477.5241931518903 9048.230406625195
3945.680829135113 4040.2086673262716
7392.012964167099 5077.71006860259
7007.354339896813 9600.848530059633
1677.8530697807614 5562.994925930296
9765.18389421702 1994.1302325526422
8384.924773115208 6637.324031862288
8825.558237403346 9463.260993558697
3212.3368903297533 8734.20788936138
57.04450667209482 1951.6029259724544
4985.1494876561665 7135.055441367009
66.9041571505391 5592.203250074309
8206.911262232219 5295.502827136062
9188.37638200531 1234.8139090352172
4564.018251083129 6651.790688271908
9273.556527057624 2572.728402212273
3007.6534940046663 1459.9227470159037
1265.996812484622 1960.8597693487284
6850.416754202289 6066.773854354174
7853.992050368198 5501.48077292827
5966.864733141306 6644.248686176065
4675.386173743902 994.0737502350661
7916.502771381142 1819.0034529458687
9818.072324555129 4428.541613026521
1796.9520366398028 3894.627581098321
6633.745325333336 7198.19961720365
800.2687238246275 6712.708088316323
2188.9716135077174 3168.080724369473
2906.4918593117463 3999.6374878055763
4631.414402804809 4655.460864369557
4871.515973920888 137.05960872910316
4831.554223689234 1990.1142272800587
502.44420494500616 6480.24623341621
7302.079817514564 7394.67584400836
9111.5989527999 712.6908488753892
6354.841025870295 5773.70664066095
7723.470562715884 5908.310815185052
5981.626266630475 4268.34432960518
7850.952166320322 9074.11360821162
8636.992464740653 4504.1367576532275
4218.140834753438 4755.493314851954
8979.064351368375 8780.849833346721
3852.1215623912485 5881.237670235259
2569.963003468111 6337.080028755135
3615.7143960027183 934.026498016003
8408.431362324223 4661.588406363942
4967.95589441504 6561.391535342115
5094.038807957828 2610.884978134317
6134.2457971143795 4033.5157548844736
1092.0681480129936 4773.8780437531395
1115.2074303419147 6598.717682805189
6195.007317750617 4629.606465286028
9077.152076916851 3058.9359281166926
6403.530611817254 1570.729289622611
7054.6712560998985 289.2740433450125
7484.7128259550955 6600.530348328803
4343.979458757827 5639.568799343551
5999.471311506433 8044.717668290299
8831.250330487877 8118.5941864093065
4363.3022464220685 8814.152798729077
5727.696104000987 2238.7946709900066
7471.104435598809 2183.2926124003748
725.6458219165252 3242.00476299778
5797.844292895263 5193.716722568078
4214.4080745386655 6728.122050647452
5877.066806921488 4276.493004595203
7728.344554740123 7251.333696790326
5927.498028506114 1134.8614519793475
4736.982312065182 8848.335598520034
4264.418767044806 1150.965674069089
4369.035571117624 9519.827925023685
63.29140988102999 2341.103144516
2149.0525523302194 8838.831779271308
401.2643674065619 5552.802977546402
4017.382702444662 1298.3362706580847
8330.16036539484 8028.813752783031
3847.012483475142 9802.125428103524
637.3107021894142 2638.2145444602456
6557.240194820024 5071.641103947911
8723.515870371279 9679.628295420456
474.4297920335239 8821.336697055682
698.6170264117608 7432.4187562582765
1989.3257335350722 520.9407914743924
3282.6145909350466 1071.2794025598328
6164.513614561903 134.08657801949664
8404.753493930702 8218.936289314077
1937.9839234400708 8848.02795360659
5777.42037961778 6194.045275431012
632.7279765087324 5588.819514567172
6312.583636763419 9415.75692078353
8189.532622915019 1070.1678782159674
5516.5675967015195 1097.0228881611354
7595.963913475369 9235.293734818097
6875.098605429159 2888.6080072081245
351.01657424693065 9847.201050473379
9469.927041245794 9043.78863216604
2346.787188095718 8476.392888287715
6613.495938893858 3061.1993961335525
9742.20187250971 9779.52438842457
371.53056519159566 7177.905850394146
4685.029225308537 7653.083693542619
8522.36263688928 5524.901051224325
9917.572708529444 628.9922814370063
5989.259595837134 6999.099815964398
5684.913201415333 6807.4113487125105
3054.7469209302203 9310.098973875685
7389.04045104285 6156.9915991944845
7887.673922379904 6800.466407658205
2571.6147217081752 9032.656617638144
4696.552514661513 213.27406926322624
4829.608658034754 2182.7886123679264
3335.3418103763033 6176.092208807581
7995.289353017419 2202.631332216346
5206.8396526206725 6848.122209310491
9748.800310238668 2058.5888868500747
1107.807687049739 8908.11874948749
8647.641836802397 6503.571691605944
5962.194254025237 1993.5253079930837
5321.913833518317 2231.9193379695557
5580.570383105666 7377.903804803174
7199.166537497521 5771.324705225285
19.698028526247136 6372.244412651284
6203.166487765687 8062.903509753254
2462.889045095782 9755.73433561868
8247.556337962342 3343.710723222899
7873.799126451446 2149.548737485678
8017.792565268179 6710.948706314327
6821.237453251106 8836.272373582991
2564.8944209388137 6106.6053009715115
1888.7138186736518 6445.699303184234
8481.406033159063 1603.6416640416696
6861.392032157464 462.82483011282903
3221.500947757565 5972.796939138775
2759.125212718326 4536.211775815722
6015.789493995893 4825.797019515773
62.291946870832724 1139.79852921946
3903.739710645887 4417.48612352209
5145.933235374432 2181.3660950926983
5756.24455462989 4617.12189534825
7651.253065671593 8274.542459649976
5888.287100196166 1899.9654352239281
7340.761384592553 6717.865055560891
8352.71328980544 2351.1858460848025
7993.04745738857 9350.398854147388
1756.2356246445431 1504.4280827730117
855.1811720150249 2545.0705259749284
1212.4731515320175 8668.235467651404
6267.077841012676 6542.070841271136
7747.330551138311 7695.327516170692
123.74807964538937 9913.156783456561
5208.585980217583 9461.179886335032
148.22515304261486 8585.777994254746
8644.56790435249 5127.964702497616
7450.1150914581885 9598.348758674074
2438.0222473917665 4895.9572057765
172.61937705058017 5960.97216041089
3417.677536281081 3564.8239431883176
6544.57413884512 1406.469882063961
9518.83461740957 7091.678674713392
1739.6928740353335 145.8512165482917
8721.761013415606 9725.28481645956
3762.0293022463557 4159.1782817932135
8910.974097466324 1317.9328017294845
3840.170849245933 6232.5303644994865
1377.226070940225 7415.745476603665
8208.867205988245 4995.138520847271
9174.73790270598 6662.431711025951
2442.791478781781 9977.890121647317
7544.14913973748 5390.563124704978
3526.6938114066415 8519.10504501075
5786.737735454909 5836.597741359524
832.2928491320491 884.9849696110501
1449.8502961124393 3467.993992646359
6340.751535206651 8751.596952963568
3290.3127751229313 277.68842441269095
4332.263052562483 5553.605949119486
7443.035391028984 8241.308253447434
4640.575587962769 7048.62334087183
7660.371507044506 4270.074746291604
7609.378784500161 8685.59559853614
9832.823771074607 7567.444783214531
352.20608472101844 5296.894816298701
8742.2679786187 9409.120230872602
2291.2986414557445 9859.701046510087
5914.701617119788 9108.125945265909
8081.247822392725 3237.012549519428
2689.1775756874104 2016.3093064373904
6000.812343698038 5010.663543258211
5340.910232214938 8955.01151739667
9981.885006695062 4729.666931153683
8699.165807661457 2284.6071112663267
8547.720907369034 4682.505714510513
2510.5369526081436 4729.570602141139
8165.899286232424 9013.9405428889
420.4892865291121 6406.62505368496
27.855440091113515 6087.805649261981
2048.7606626560405 6227.719420003891
8607.395236495064 4289.923999788681
5294.455933628324 2717.355780701175
1067.871432892502 9865.522954462895
3749.521502559188 9364.19565974302
7794.182323255382 6679.875454502618
8490.479982880905 7642.83132546563
4442.750174810558 7567.78078323598
1522.1611464332098 7544.584603519178
7863.988864741999 8932.304095938422
9470.888265564232 8275.326489284542
7815.826990343161 3521.5234319098586
6060.158498996801 4758.858963879812
3645.028937574537 1750.582373405245
6276.2629911848835 37.60713761685186
3388.5781627708666 1881.3102328275554
4330.807411867303 9801.271466153774
5652.015595750505 9158.073476856762
3544.171916504433 435.0295005447935
7656.935133834129 8474.43684418894
8513.603132679742 6198.078952046949
2010.9008656144201 7982.893979828215
1143.4622296227803 1571.2988051859422
50.21851902774821 5848.30915923307
3356.765895479087 5140.8954450337715
1798.3205967307792 5658.390760782005
9392.498663203758 9904.443817706255
8634.308791204692 3954.200578088507
1665.76190208243 7000.953956559045
7352.862385893092 6940.907970472443
9079.21583590263 6503.424933045056
6622.959532720029 4064.9003134891036
7263.800260219743 6674.022344842645
3856.0624499570526 8598.038207097316
3813.460372501989 9003.053385848509
1830.772536267612 2715.091442047848
5141.987280472862 2269.170346517891
4182.068857287066 786.7671895709206
5359.181434545697 844.6158503101875
1180.3944969454628 2112.384380033785
3015.510096625694 7715.357591478562
6886.7384006164575 8414.086942324866
4361.490007540031 981.9074243431625
478.14105986933475 5843.3545670591
8553.306719913178 2677.3411116463785
3170.5067740299833 5797.5583815418995
3012.323702876598 1344.7571390243795
4735.105215105032 8719.619359807208
3584.962279886961 806.4938653210629
1205.113379856989 4535.271783408259
4222.722771848172 3755.4446831495393
217.63661287134028 3615.225964556222
8483.23811806335 1295.8994731818307
5768.010473791336 8542.294027034957
7454.92612704019 8605.190953470585
6733.129343362962 6342.491401371135
365.6477373601852 3675.7044037947408
8921.789505853383 5092.404241444677
1613.9210918818503 3401.897790110011
5887.514722383016 1983.532611645834
2574.033220721166 2866.9240993262115
6518.6632234881545 4312.55654656307
535.6159000674654 7391.466531749254
2440.430837642097 1001.6193793124362
292.7440143462678 2586.24265574533
7090.697153213176 5444.423946841294
6329.000634530585 7567.075540794983
168.47050459875223 112.33069697383135
3787.0756066142976 588.7146658913344
9027.37745227898 5709.472357849936
2838.6672832764125 8205.373794235764
6017.155492938213 1630.7137687221984
4319.252207145821 6603.90176208507
9996.079669265126 4093.488062633004
7417.476325617559 8363.80439240945
8166.075814705114 2571.870180749737
8516.442283268641 2372.718169446575
5210.079214570247 2054.5346824473163
5270.165637647941 5850.1915406456665
6772.551086122413 6730.82087165926
7692.315666713323 3104.7344520757724
960.4630581304974 3457.7257198902744
9728.502962607792 4864.939617527091
5507.466070883367 3641.270065607186
2665.961924367849 773.6315657465909
4258.315504571631 829.9715484307013
9594.54503001539 5754.934334669979
4018.0653749245134 5957.368459990405
5107.943463165726 9189.79521057662
1169.7038997546695 7381.39485796197
5037.1498964332195 3947.4627833640398
7577.463630362259 2664.304326021626
5354.653711687151 6870.524667597616
2543.0468912177685 3769.1769388156927
2802.993215849976 5182.54049844007
9998.214285816435 6252.716132612304
1616.8237778513928 8649.647708038976
5481.359715166069 8184.347690878877
7312.820986907385 8393.073917034228
2298.436134879943 7505.376203336436
991.8445480965077 7283.666908630952
9915.21222156309 7225.2478503456105
1157.3505064958213 2405.297664956034
3837.2657705892866 9554.461993167535
4826.55493935596 1452.12364038823
6561.035929723388 8845.355425217278
4061.0755162534283 2927.0504025571686
1182.4167050570843 2221.467668517727
5057.154035333295 6749.518624158366
2880.306733177044 4157.686316963714
3979.8004421138435 8357.175049147654
3189.508988262504 1539.4731446406672
369.0884863056043 7886.216412499847
4961.146165845765 6405.057471311834
2056.455178013412 1764.509629119294
2072.8378365390677 3188.651708898803
4271.883370993705 2054.7320169855175
816.7968884079124 7719.639071563249
6570.989813975234 1567.4699754866106
389.836728952585 2078.6537381771855
9085.30996892511 894.1452427957674
8819.628697836546 8152.404723739713
4204.372664503177 1694.6830224580144
8417.153721999284 2522.0573167047
9366.2772552335 4982.917895983147
5758.376517745502 2150.463976003576
7063.066025684218 8834.724191137067
4469.011671212513 438.84995747270005
407.6394628386604 802.4727971335366
74.66363660022179 4132.39936233349
5079.28312846037 6722.913084322792
2060.6635176413433 1147.3326957399954
1835.314118880077 436.35769233738245
1336.8989324950464 2093.7657516514587
7694.078415210321 5597.066369105492
8552.596513559805 6287.8795058737305
8712.654048209946 2806.081363533783
7258.148773998728 6731.018908317596
1604.4044627224464 4729.196865784359
6663.930989229696 3838.911700703066
3651.174197809851 8709.478861370531
3345.43876661343 8973.387998232749
8774.472694677246 9383.55218340274
486.16323542300165 4180.920635872974
3327.627117217895 2647.9760265280315
146.70550974477115 5863.833301677724
7899.103421195883 7090.944600010989
7536.932067163307 4519.387909073628
5249.155156743229 3320.0556733007716
4073.713028837427 2491.914905849428
6590.907849915358 4983.7981208575875
6643.752839329948 1062.3926262975026
1399.9755308886863 6092.434528204168
7531.256693976214 4768.966046104788
7858.519559962088 1102.7203723475898
382.9529700634571 6072.243506446237
6538.164980594417 3967.9756042401505
1033.6555107021607 2456.5601813859616
7589.92581559254 7141.104757773691
7374.4210055935 5791.751208844003
6130.398803785814 3311.2694112387253
7856.473661685808 7450.659972425146
2901.1685814798893 2002.338984260521
8876.088266099405 3379.185381814517
6296.426842202037 1312.2388106952233
9624.421395439897 5730.717061461254
9688.331463486484 4668.307110745837
8419.493653278125 6720.323710564766
488.41394300685124 7118.678045005955
9818.583925462583 5267.811371587525
2958.059210299301 4361.881247001733
7835.783233682264 2241.412781224591
3876.0588684508266 1651.9198751422837
8371.56276609299 9757.922080666325
6645.8583195722285 3378.1448613429275
6815.677335799542 163.02533491951544
6555.359369845175 2552.6803964138003
7526.321890934107 7910.885245965555
4815.677213962573 6890.782594894448
4045.6516085626636 343.6148873178868
6286.358560751837 8541.692512733676
9180.153109953975 8432.481440107784
5208.9403319806415 1110.530151412582
1339.031403221167 7790.423413922174
4550.101247344655 4793.889974058626
1508.846336415157 3255.088775126258
245.09091394994243 5706.125062436396
3228.479179517785 8194.417557100234
1392.5774756344733 21.665814372449077
8773.194292502918 4735.012641685432
5397.076313753066 2317.7393585689065
7867.598090120699 1851.9624071431263
2202.672577500053 9446.486857857073
741.3238896326213 6492.679765570761
1135.9101104713886 9487.399817765647
9401.007295812027 8782.036225780805
8946.967382227624 3461.2774459927778
7166.405058749259 585.7370250973859
6999.112389351089 3388.204895422113
1686.2375760560856 4475.912477510172
5072.621853207937 823.416638309683
5837.801896338846 90.7015882829454
7179.908193939713 1662.7784508767872
4487.921261509531 2766.2938135630366
1402.7367137069969 5239.865730089339
5556.181964109646 4818.513997235406
421.8393874455262 4030.806113182548
5959.370224666079 2133.9169677490277
3959.6825824932603 7828.815637650721
4061.449028146723 1661.572523467957
9877.346094780076 2491.345758816029
2620.827878089129 1807.9488610863525
2678.773874764402 576.6446443159423
3136.249741594932 7391.2873311194335
4089.2171450068004 4648.452028796833
4670.840243486594 2617.451487806095
1289.448136773902 6258.780738364729
1492.8624014713787 8674.631109596987
8980.496476161843 6832.4244565317595
613.9870768156209 2276.4634465280787
9997.577558669085 9394.30377647188
6323.017286658962 5138.080597575683
8323.358952854956 6249.452836670036
3557.962107503805 9262.487402148223
7395.107824018602 1681.2547180625027
9779.701493824006 7257.6386791592495
2397.113916133079 8977.649764625252
3698.0687643040123 5826.247813494595
5826.917490419352 4621.80795396709
5775.673362842311 8438.754544229241
1904.865859216912 2721.7398372994808
2362.600615088607 6972.827991653776
9354.302325709885 9415.566459361105
2299.6640662964564 1286.1561010351986
478.5572770635427 1319.2793155296113
4683.153598224595 4905.332090624181
4831.492848914083 8516.29974466865
3761.8427589256644 3397.2762580571593
515.3443536746005 1657.1493197737132
178.42792468810043 5287.760595552566
734.3469522260459 3189.48798036126
1075.3647546308086 288.0499720981977
9875.454785385553 6065.460135772285
8161.296856700124 4586.212606516282
9095.857335185636 8817.528237763685
1370.5065919768156 9428.81673368813
4305.083031957047 505.97123974894686
4328.521531358835 553.0337527908114
5833.733427331622 6052.404456156063
4010.834196869961 2121.9442152608635
5989.729490881936 8443.871133495995
7254.313092180669 4548.459460818643
8569.40740953686 3794.4442107225873
9490.648839856398 1372.8882847327095
978.3451409780064 9984.438723920013
8191.671851924401 3109.9506966022095
6731.109303981393 620.6593608110722
6164.815110379115 776.9752574484678
7658.824406221108 5717.786269448832
9542.674147702677 7659.634215483439
5189.611452283772 4961.024949081899
9840.42367824595 1538.3517076713804
5779.837175747005 1422.4663285338922
4009.526137426608 5999.580055775993
3194.8889458371855 1063.074187317139
8207.91348169113 8634.897810274226
3535.3823065243782 4724.190741751862
302.89192978319 2208.0467621626344
2249.662136842565 3445.8129980800136
8944.387958260342 8753.735308889418
9143.637596680923 6786.972879673132
121.89935185324185 9177.257710830418
3743.2114717126965 8601.75158965503
2321.0395402533877 5338.94784609059
9903.390726973721 9054.406759640498
4482.796797418304 6833.381712576351
5100.564797400625 1087.9286752976848
2939.826490646822 7395.0915792845835
3931.571601291187 1537.4509793798852
5013.387298391528 9853.303016281081
7197.564855922405 8606.958176942164
5598.458769908217 4247.57654410588
2134.2774173871994 947.4877707170026
3099.6839124360486 8665.942320409553
287.34805230590575 7962.104100584011
9859.637512588382 2926.576206843887
4056.1925604161465 2220.4320890047557
8575.395578279788 3321.2082595239235
4671.969399636321 4136.8811520757135
4496.726558482729 6568.100151698917
8436.077849581308 5007.5498246339475
2394.7410806893286 4915.847397410284
6243.918668152034 7734.831315794927
331.11618208814696 2041.2641623080974
3017.567768070445 5859.093616983369
746.5754421859972 5487.342048954499
6541.95368266007 9020.891709531506
4159.403181233711 3783.3552038008256
348.9353731233591 3545.58969653866
830.2227084849357 7937.186344119892
1688.3510059936425 6250.616340717605
5428.602236929617 4003.9915163707906
7049.424638494569 1415.368962310173
6285.398588568339 2290.5301718225137
3746.178590184186 1218.3224139817905
7119.584865718337 8148.912080136751
830.7433967961308 9167.471193294281
1698.2772980114623 1445.6348026679866
6738.809643336214 4010.63347525889
8916.106169308698 9808.603717566584
8148.901976814197 876.673443274576
9440.663851581063 4423.557887833996
2457.134171901608 7915.155025118378
7599.317625834752 6999.556938489118
3502.399627826733 2586.081564568948
4990.098490504961 2197.07142625406
5829.820377719184 6067.467508024644
4177.883382001532 1358.358117118098
1030.2423608817312 8630.054442121565
9271.770633189142 985.1450876155166
1433.1518636598328 1345.4635655950142
2581.163150860225 6496.3266901668685
6975.663874571373 2723.5793567603573
4757.028978989146 5851.177583037981
9439.637211893067 5386.563355747127
2250.3268792222743 8980.122841619797
9404.14133692594 2357.092899069203
8885.158268092619 7530.041025916841
8802.159034404149 5312.599744069369
4703.786122805298 654.3454985657804
464.1691455682062 7011.323596753621
3070.5470783983337 2450.1170191154697
3605.940232089857 4278.736800711599
7334.48394335472 3519.831296983951
4401.137643440138 5173.652081719127
521.2034973375357 6695.916591815976
9364.112308668471 983.0444854392329
137.28880406303378 8875.75612368039
428.42779081607165 8390.52347670282
5782.546140536836 4642.427798203152
1446.8570877344523 2981.952577658015
922.0319248912501 3909.692103669121
1500.7806767196707 3253.0279807483607
7401.012391210594 6569.4550320644075
6119.1520152154235 450.9008302196338
1958.3180276380863 2639.429341381986
8313.838379929179 1317.4563865669586
1348.7812437645218 4593.267590592972
1216.93616252182 2703.351405369454
6566.0019471920305 3048.566981918087
6094.92692668545 3645.5916238427844
1013.3911963968411 5385.154605153132
1263.8878983576762 9614.4878200594
5256.643799873451 3443.9941687759
2371.0141370091874 3881.5906470348727
2316.7102986709197 2355.1217421099836
1464.7165663450035 8666.71248415639
7904.468234661217 9143.130414785179
8021.8533635028125 9542.848058473694
7066.967789382902 1469.93427223027
5729.501088752818 2881.598308296375
651.7467612168315 6771.237875346916
8698.413893717876 3873.8214408978156
6142.634766109941 6115.836368242787
7864.52230910859 8657.075272970656
8982.738763536867 2947.0047953783087
3273.006674714369 1643.5398565057978
7310.893834429287 1264.6342009178545
6049.632557547431 6959.995437219457
5825.198272818018 2591.6943468268696
6322.070955598164 7448.954919251271
9671.072350188355 7595.217935054793
7224.3796052929965 1782.6979715428793
5830.552153937727 5189.998444266276
1354.4054324130395 5846.407089152277
593.9045357219563 1561.736969945614
5680.039304756408 3668.5375348632656
3380.944967670907 9597.293571474449
7013.393422765856 222.1779227815146
3056.91944276227 8785.351186321102
8301.58772796014 4355.773917765537
8107.015111232618 6825.885133921853
5981.360867462263 2132.6143398253625
6256.052612101082 6560.72353570639
1690.7345775003134 807.3624824340519
5306.032729264927 954.2958015928072
7416.906832148475 9253.126299706068
9712.539313272655 9077.270638674974
3235.7338671948164 6421.078498026056
2686.3655774422637 8793.168542039852
414.3867277719704 8879.299882530924
6613.463338193462 9711.545136284805
3860.063069231899 5490.475253691909
8755.82634968766 1712.7098745046264
2863.1681014457376 1460.050125460357
112.93428993403242 3838.059982166049
7833.26923819466 3659.2132122793087
4773.58123377654 2391.3729208023915
8578.572328753306 6382.163461821061
6196.85744039677 7786.490311230192
8678.27098160619 8245.282123405812
6158.262172425371 3449.0890426350607
8671.20413421355 1962.3601729139418
935.2410906043463 9643.424512956908
970.1411619979372 277.61547792128914
1541.8030619540968 3779.5248652446935
8459.657441206822 3305.2163434421045
5096.428661822254 3300.3980427108704
5328.133683084413 6148.804154743019
7061.332752138945 4934.986078967467
4581.498615438126 4543.571495521346
8222.118876647166 2829.0728780252052
5112.659679745655 1138.1006597923283
8933.245743532058 6062.2545288673855
1918.4847461141962 9597.81650773494
3408.06882573237 7588.474238211425
9754.390607286861 8256.103734887085
4482.767767775437 8189.845540105868
3114.288351046582 9934.144251707063
7963.233077683048 1151.3516627580534
472.36478094392686 6548.454711609322
1932.6010203834853 1776.2851770706534
2225.4060854726476 1806.4911319538235
9658.115993590884 6705.604860914192
8718.096300985786 469.4313123714544
6455.957233441608 9721.168039666529
9729.646047688968 3772.649953256708
696.4077848327732 2983.0963280322107
108.69617202201032 8765.608862290605
4979.055428390794 1926.0962097448687
1193.8198135027455 202.00041310362016
1588.9046335802193 8945.22276690291
8586.320234258332 808.8726684678816
6037.9359908046235 8969.744391681346
1590.7197772750192 3997.6560590741374
9385.905547388336 6421.13315555801
6130.721848318354 4602.226788058923
86.46257215669029 7388.184424169621
2317.1242316887187 2891.109604280264
506.8355590170048 2529.0505023118903
7500.844418599741 8430.483420323735
1433.272152523728 9642.70244011136
821.0520722332037 9380.10322099849
172.35142147356663 2164.5486950673385
8759.161254602475 292.09448499730286
8915.073990953111 6821.358038275105
72.30664455588509 7805.943136348995
7587.81349894372 7206.261283377891
2163.0098523608667 514.9867248458528
7258.722077002763 3362.7673695415237
8469.891055308772 5415.187328166091
9964.797254982634 1235.0002846073926
6874.154231966324 8514.916176491504
5810.747084139495 5387.976154297047
348.9825854169704 3857.113707630859
3689.6676006943353 4207.86925565703
4349.508871486703 1334.6790943956355
643.6065056412187 817.9735007964073
2947.742800597376 4997.59800144004
9454.760443757397 6355.84332983945
1856.2732556416295 3063.702964056727
9556.59843336743 3505.0658308396764
7416.53046623866 9535.31850218935
4230.926502409995 3500.964578917114
4875.868290496283 1256.5535098169833
6138.689615513357 1100.4578525243126
2096.152303924428 920.7036229768472
7636.440497135235 7748.326085463598
4125.825256721721 6173.617650561803
3203.7830722115136 440.35786044349214
2412.2850048665 6503.47117702605
5260.62887940722 6436.785225903624
9033.65643321477 8789.18755033854
8952.840107947657 4360.261349234042
1018.894950539424 896.1938263250779
15.357763356685927 1250.195919986885
112.12124729783501 6131.925041654512
7056.621053948461 4786.536639020208
9167.03229161777 5737.226389359841
5425.090538722299 5723.711555405243
5606.013455755962 6485.044827949232
2094.059346633309 7303.529592800283
6454.699655231254 4629.784978778039
9096.074628708051 7057.885000625902
5513.637336405481 6061.127980327331
6161.994497793764 3968.020620147039
145.92859264088264 6496.715333017027
8706.80625274743 493.61058104615216
6407.667560531551 7883.338047353318
3436.286314410868 2138.2906100793066
8159.337369797004 6469.689928547277
6050.291946714354 2441.522558369984
1308.3148447462834 2129.4143217340143
534.6780543433139 5486.080638767986
3767.449315115878 3789.3306219395017
737.9836038179321 6071.141649942639
5221.23813094665 7566.018410118841
8029.365437932933 6242.08323148691
2269.6401927821707 4776.6016132482
9346.059671713281 6376.896839608032
145.4561704397095 3346.545425015157
6160.252756463067 7502.9472481875655
3406.355616285549 2072.582116499884
1877.2241657547806 7227.257536678041
853.5464961736317 2108.34508017831
33.86337059183897 7723.674925243108
1616.0413222597592 306.09781597805585
4766.541949460262 9198.651554106606
8027.157308814001 1188.3988858788475
402.86534323555225 6615.646451056276
5061.267532217407 7587.203426133441
5834.536374639778 8825.372061168395
491.0295326251379 9360.775065424483
9841.053076916476 2416.383425846255
728.796003347687 8051.346802721756
4057.108639594128 4685.760607898735
86.46396834901094 7271.075247548776
7091.156966749766 9600.73600576679
2555.565361823227 7045.82202776224
2810.6004745650857 4126.016750374618
9535.448340278439 3155.7105323330748
5951.358090615123 5561.484162749538
8718.999760621222 989.5954381090744
3439.2319408935637 2545.5421543327193
150.69687057929326 7192.859638647008
6304.216231173684 2038.8636629869604
147.7770248313004 6023.728886084041
2497.9859911995904 7464.894799872588
1965.2961962570625 3591.6469211740664
5876.132704265983 3338.7927497834958
3219.4013470177442 1432.6353445151196
1562.3510470688507 1797.3497698548713
8502.171537271584 2431.717123318754
1117.9058797049645 3146.7590730099805
7624.089474550795 2102.5075758031885
3816.5891816797935 6557.497103180532
7800.35207214253 393.4238943929291
7190.625681275831 8480.806363672911
6388.541057840131 361.29525837359955
4782.826743757943 8991.27837945164
5011.004432516417 1177.0143821591805
6960.125447193208 4200.8853169330805
9673.89339501403 174.91772088124137
2532.5777931740977 7598.608384851966
1536.469899745273 4144.5637925254605
6166.278199543266 8904.666192551858
7923.54522306109 1943.0866277719506
3047.5003621339824 3662.1235038603572
7776.546687877672 9737.282298168488
3089.9332070957284 511.49793455339545
6840.300721029389 2311.926923353367
5202.647490973875 8864.103994517818
2862.062027705303 4553.095990782859
6241.17183001332 9790.174250188615
794.1441483462409 6330.842788583406
9299.948579804714 7496.308390031021
7028.8177927953875 9786.038540773769
5982.677522088743 2808.420599148571
4686.31300626149 7711.267285400038
2606.593287892587 9018.261297450728
5643.433932776721 8469.719921419735
8712.674128831915 9107.876599538808
3663.6690728764356 6603.795881652591
9110.432742744068 6625.9417423454515
7579.711175155739 6721.101968602118
6479.075983637495 2096.7295756982107
1084.1621311619087 7106.6861942705655
4.355543876461976 8465.855513185983
357.40107575739535 717.9528735157104
5393.245584197823 1605.43010463281
4930.677595922729 3371.438782162194
795.8044426675937 1295.0052277210089
7301.04248083129 1965.342676531562
7183.92794405422 2934.7940440413236
7544.739939627257 5311.148990459892
8034.986418384668 4391.945339956259
2462.3014172170856 6682.002123307938
1505.6344104945163 1504.0068188062273
6735.393195468539 7654.627750959688
5408.2453588835115 4947.400293268158
9379.631140456419 2997.5726030934748
6824.708087745148 1718.9655273952842
220.53973245775072 3485.5518293174446
1756.0397135160988 4157.258564676387
9912.369487481703 9117.779512455441
6596.350292367168 8736.610945921915
9336.080430399194 8991.675969538517
3925.772057649927 108.40318902122448
2738.0992730052635 7134.220343105526
4007.607982767537 6518.9920402918115
72.3570788202843 3149.541674734253
477.2864942642252 2209.827077342448
5780.5318554056375 8061.566195070555
5344.203742339134 2469.5835255125785
8796.146345458916 2757.063921300625
4444.4307797925785 2979.96109567223
8229.252347954953 3880.535737892572
8444.997599778959 1266.6175427580617
3044.912034960069 133.3957502425953
9702.394402424003 4066.703209905842
336.90336258357934 3385.0404189921555
7636.868071934716 6010.088706906782
4906.812101740885 6628.632191787935
7885.048339370232 5166.873387103852
2461.8919743431056 2522.4750290021348
4295.9506607264075 6007.332555295448
4979.79399520579 1859.2692889101725
3523.6447914221003 1795.3493404602195
7084.114712237919 2810.7440595573617
7298.037105468733 6678.660789122898
973.9005457266303 7871.986030202133
9584.092788812759 4709.076679797327
3427.991464660364 5203.733619726021
2889.3573555143594 1589.4105011303461
8290.284742005504 5695.87403124285
807.3041817442528 7582.658124009857
1876.720833592349 7132.275908961887
1971.9072079210398 4672.439191646169
1108.355098309718 1688.2362281895591
569.9941635999872 4899.477515704127
2144.9455796444363 522.3658369397399
799.1577611478806 8359.85656912407
4306.7689109506155 8551.598464935785
3584.399715749055 8917.169552083933
8159.107976020195 2655.293520254557
9766.79351186508 388.56776135932745
129.65990987214627 3346.3612894389285
5048.041514621935 240.35696380375947
5570.359063621233 2268.8593269234993
2191.557254264054 2054.761112390139
2365.2098327284334 4616.993803768161
2493.602814215904 9238.438670302507
6281.245288142909 285.6725019784923
2826.049513908825 4606.411386028972
2293.706734913201 7064.953612462495
9684.826034899712 5348.532516613424
3733.701783677029 4359.197029058108
397.3718490687195 5379.954522245785
458.5075734234134 4682.557885013857
507.944772041371 8816.563631470199
5079.945947027532 5233.890547042307
1082.8469051668355 108.13087836784585
3949.1561449949654 3582.943523735849
4304.671623211106 4340.446626558672
5566.9145154418975 2579.7336725855303
653.3282931565709 3258.199207267736
6094.875545502756 4213.518638454223
1361.9241273187188 4672.653149631416
19.05592484670926 883.4996164032572
9492.3268594806 9327.371500319983
7463.721266668554 6048.0384836318135
3449.4954302863903 1888.125821366472
9595.608893290555 2022.7891318287172
2069.6582236933136 3270.7621944678067
1429.0872733253334 8478.954904327664
9049.103800002204 6779.909611992818
3747.026233251499 7544.781448152536
7510.118947857984 5498.840508521092
4801.197032515043 306.3475647770375
254.7368000819783 1919.028796185457
5891.748520486672 7416.857023598395
6031.5697330211915 4661.177570126005
3876.8923406698964 9241.031734360764
1814.5707979513427 9126.975464133886
6750.516379311802 5756.779199557321
8127.041734101878 505.67133528820364
3177.134612432804 2824.9561893548635
4153.854783448582 618.6007369956903
6734.774673078236 192.43758798540455
231.39525567851703 1631.9956438966822
3729.3145116136384 618.0132829104124
4175.951609233952 1550.5328600440494
8476.056452120742 397.3056701012212
5117.262817202571 480.50504878992984
5632.8556829564295 8167.532697090568
7109.310063222409 5310.128151185895
6094.853401790705 1636.887009562541
5206.12083905814 6853.946588668943
923.0931727100156 7569.604765560461
6110.761577918667 6690.287796790118
7615.962683907192 7369.603547717112
8991.201868971792 5764.004381487313
1016.689435516689 8081.346077932704
3356.837518652466 9892.979305410088
1883.861616096827 2202.5899881627342
5393.15916802148 3713.9813973460246
5306.351274694487 3306.6070641021693
9493.782370253655 4547.919231221414
3152.330695998877 9169.884603145909
3037.2938590983767 2637.9932266296914
6415.665782235987 1984.010327255643
4917.534189365552 2180.6191735259904
1495.8689505800228 4577.026727713752
5344.766429091449 5571.330862482303
2321.539164455594 8798.612230149056
3981.7732907339964 4229.242589177785
4277.06695160352 3621.1809693451223
4229.449664600848 9144.961089566761
9053.498766724375 4372.356579486849
2023.3263258111256 4539.334729290817
5337.842655233413 2485.7522247980546
8532.314871996852 7030.94113129443
4796.398879958332 6712.882263151127
9574.578166080626 30.160051792351705
8941.648906783917 1153.8189190274018
8737.700066225292 3525.4196914352287
4222.073386210915 1168.1988542960598
8623.470115714716 1644.1487059197302
8737.46805237886 2659.2280675144266
5821.697613929532 6914.269576232752
1299.9569990778991 7435.87855570025
6411.322959424839 8966.856754387292
4964.7035545854005 1473.7111313126472
9683.236789019029 8723.676337952198
8576.657841170374 3735.2937302283262
6207.414073856237 8489.81595795348
5268.5811895308425 473.86388514230936
722.2262789742251 3928.4902577284874
7512.725129937259 1233.688322134926
1404.69611580862 9039.98613882479
142.18698870202994 6317.023213353269
5312.310148466062 7555.961601043581
3307.469084528829 5335.381254748707
3389.218127504633 2043.8790126297713
9196.772954095602 4348.797027837047
6686.926255522742 8619.22398613713
3970.6423069233233 7104.928235744872
255.98746197754596 7506.203974844839
6230.960842026573 6390.087101984592
2481.5582305132443 6885.839779523067
2550.6882966176627 6360.597713476094
3251.9292988849948 3151.1416858092844
1552.3826977202348 4651.002807197845
5875.567855986978 7699.045261713046
5705.609644646214 1833.9332016865205
5673.037165434072 6670.359948510497
6139.686479630553 6585.451732776824
372.01958936851855 3656.27160875572
8027.168557402963 9412.468418604429
1693.1194277181917 6656.472654473087
9545.021710368064 5613.3631412744635
9748.139860360601 3533.158643224429
2463.9548626059573 3588.87508845571
4678.927624248893 7167.780831118496
6232.199877082066 3543.675314385375
544.6203222285262 2518.38890849571
6682.176143566315 1487.0520983668112
1563.2902036763273 5891.058053069492
5370.280863698842 5502.36985582437
7449.558912362952 6792.547686621475
6445.781208025267 5003.951403456806
254.6958394700205 4035.236866851292
7685.03482531483 7445.521177144795
7293.887804430441 4570.870542088212
3723.484504117456 8110.1784539736
6656.371774560066 1052.8524091592105
9024.217242915456 3122.1764388597817
2068.2226788197277 8788.777258544722
8583.362487522565 6128.63230912514
9036.816007391728 2835.9034038234845
3830.128801829379 7962.700749754042
376.585668113808 6113.625183930462
5592.287178028794 4408.279455729765
7475.951632388016 7374.21306889419
3951.5344791496786 2888.0088683033578
6130.0674934608405 2865.2902648094637
5726.095744622219 4422.4954642088605
2134.3927581519006 5635.170118125376
7947.313153012936 6706.976505176761
8315.687994388669 6774.8472653563485
3629.1950917924064 3463.3756025895677
8420.198278717955 9960.361734391689
5318.198663117314 1133.7205814062768
2124.817901524784 4635.223407568881
8919.78920291083 5201.080439567621
1315.9953413305414 4309.8842668637235
5987.991247693088 7820.235504053951
1759.1959406689596 8637.769958441704
9282.65041761368 703.5150827531222
7081.606125397209 3627.0791981166494
9566.69349438303 1580.2376746161028
2553.824438206499 2785.1416952135587
27.807464708926588 4789.028446709191
8286.820056765895 6660.176845461689
6222.944672067643 6688.749779224677
4979.631491531554 3286.7897875457584
639.2333572315267 6280.522541211465
6955.144199843238 7015.229619299437
5376.725918117947 3547.8441082339905
6524.380217931989 3549.1562861279026
936.0648445907427 5177.596701506351
8124.459037047825 1909.3233933608722
5750.141694367412 9396.912833208919
9905.266917456966 5084.846387774988
4905.458475492328 5611.372904157093
8073.6714549537655 4287.375841031904
1907.9700615038453 3519.7207458255584
8135.503527266333 779.1610417901474
1814.2127486464965 9973.433861529096
3625.9944951372445 4940.306119132335
9605.00632625469 131.9690988232969
7359.143345273852 6889.030167412651
8663.896477255641 3105.912286656496
3730.6025783653718 970.6685468544896
5730.374780532792 7902.627529767138
7641.018065575121 5029.09417710262
8959.204673029011 7841.131220754643
2126.5796657808255 6623.217947176777
227.10773613041746 457.2544381234389
5543.308897380619 9282.50794712009
1666.8543159382255 2370.8380727788535
8730.823736362 1684.2588823451276
8013.9430225283295 6630.368089177104
3148.9941526840935 8265.938568683485
5675.993879914545 2506.587515248998
5915.497321500353 6812.081146411602
921.7025533596246 4383.464316890749
7633.999358831077 7461.2846897674535
873.667480103657 861.7585864568855
142.38463809645663 2720.208299167186
8120.206287591518 7660.8780250464815
3905.185950232194 7266.651134240874
629.7444952528974 1965.0885406251884
8352.113842655972 8428.46825833499
9157.69755762814 1317.9513286697274
6961.123641101993 8109.105639974217
1622.787904115911 1932.0016110097426
2838.8172371786404 4795.214287286017
9327.318374903542 385.5446951756558
4471.2369421193125 3288.093630141191
981.1437196379313 8677.357422947696
1301.1268650924667 9701.010591711396
5394.050959554955 1323.1093938694628
2746.145595644025 35.30632429917024
2035.9195066737368 5883.765977603034
2550.090676316864 9880.535666062848
7719.305282831821 7093.679310004515
8985.76173707676 705.8500857974014
112.96359582136817 7653.046706823463
1732.2900783109262 8792.426259061713
516.4705495207522 4348.185171689628
4857.37465265601 828.6861637393317
7095.904618005356 438.76373669932576
7916.22791967719 7302.997349996651
3360.863503927768 2658.8453114360445
8494.69212501962 1497.4836296825033
3980.663584944962 6391.541081819067
9856.21665220672 4003.290114636634
9963.759421736473 8612.569116543551
9573.553828130072 340.04466733764673
1801.064632636592 2760.312933483097
4962.842458583943 4984.277300506645
1278.0407987289977 3420.8600362419215
108.00844430632894 4221.347797074744
4973.275372211524 6361.212844638263
9721.078202001649 2818.1619701776262
6038.024810473022 2510.4605828094172
7458.797225471524 238.85678829300926
8545.712461504381 3379.9683643325907
1163.2546094940244 1233.4022847053473
5098.367096726616 5248.965187450621
7158.567437280204 5528.83377592833
2837.785921786924 5385.006022207527
3465.595900381314 3927.6670774430977
3272.024029542604 3229.89930804636
5976.832180061293 2746.948142152776
1640.9677784719668 485.70442733591676
1380.595623086348 686.398271879709
3472.6518620807765 5081.463854959168
9227.298795789431 4604.370578625996
4332.70991682003 4113.572501463408
