20
815.0957022809336 2551.0314256316256
5618.725826877387 3529.3110858848877
8730.113531290806 6770.709556595474
3980.0657550811447 9881.695988388152
6905.498920614323 6074.9982102971635
7586.828503616038 2466.09552836367
2564.8110818744394 6962.682051397668
1039.3016542830435 5078.635685646948
344.0701941993574 8114.981842628427
6396.130504892641 832.9530573866872
795.9868955463445 6261.43461763312
4003.14894696585 850.7207834921194
9894.895868624491 5442.062810780159
6056.798604642586 8553.910780077735
9408.601597015495 5884.58314023141
823.7030751371 7372.902890295424
7102.087328787809 9529.11310079916
4178.617291806946 5184.788113963265
3036.9750739770884 3408.6626176753575
9042.629959024876 5801.099471342021
