120
9801.010752105292 964.4939307790712
7275.945511395456 5655.387336863688
4704.500323987052 29.620237516354564
4801.984458268671 7605.441913770368
8085.146554041993 1558.399275447151
8885.126858097294 3055.0488982590896
7546.480744285294 1657.423627546405
730.2793300516341 5468.933026201705
6635.503878703996 3267.449969273806
7123.230711139486 4389.926614046891
1247.1261209373906 8682.356174471191
8123.198191469213 5060.249983834821
1050.769547218411 1976.0949613100354
4309.603726454381 3513.5960679799773
9748.5152552178 4293.729465430216
5561.020971184529 6329.349229059471
5623.953173057031 3320.8015919211366
1318.818629454126 7048.144615254491
1383.2680580108959 1897.887842001965
2578.4698016077245 2843.2623384029866
7629.301256900075 5628.434259180277
8575.929688012686 4615.908410246276
4813.647554235071 7317.5071439105595
7608.5563072322275 5899.978609554643
5531.277716830039 7319.26917923827
871.7522934449784 7203.728811407789
3666.255221332777 7479.355837099153
7665.641256154238 4931.318265272214
1140.1451110260884 6290.2791556594875
3482.3748909183228 7321.037666888789
4349.608613568204 5194.193699699098
1811.4897139287943 6082.017468470123
5936.915996339331 146.87656357308398
3662.4707455040375 9014.763048704066
8716.117884536165 1904.140580836492
3435.4268910650753 247.53618624736907
4935.220300661289 4581.317934678779
9102.9234640457 4230.709570743514
3915.7253788781823 3733.2058626793487
7595.101884084372 7187.717954885311
1365.0982326995186 1599.0024335540875
6098.327348333163 1120.66683468647
5458.128848031456 1656.6797527662125
2949.422513378851 9602.491193427228
8039.538608537828 7433.01613274079
9527.806176215328 1638.9198585766685
4917.947748758786 8595.261161587026
6594.356662989564 782.4897456966839
4678.529570557623 403.6089829023526
1332.3502963815815 5623.610364348668
5935.359913866504 4805.326087187554
9943.224235351146 5832.817178626154
696.4639534099315 3833.8951175916645
1032.1142749914102 445.64172978981964
8498.102099532285 7031.884803981609
8332.325902014605 9670.288325986423
5089.255026152999 7763.67857528072
1820.233145419955 6559.645659782335
6954.7861757391875 5784.254595067168
81.03086187081776 4426.615523193727
5517.06542532536 2516.55742050511
7315.867185746176 2984.9744311180602
3297.2095630836807 4680.129002705968
5594.998012261193 5626.471520452767
1778.1433067357343 7485.630723118146
7521.056621880681 937.1499228489178
9770.171934579297 9110.795224761629
6556.761803827643 314.408816190469
3857.560556349896 4194.292950633484
9255.149567855578 122.48674904811962
5036.12681397045 4860.526038089533
2121.4069201180096 5197.06142289786
9260.476090569331 6848.121885357038
6200.2640168818125 1547.7287108005178
2342.822146553386 493.1617449263581
7685.498626639064 9535.835749862737
6698.521034288324 747.3371521358785
8447.715100562667 2071.0621106367553
6420.648852022758 8163.223870224606
8902.086773194698 1667.0817933335459
3006.456402158556 154.26808228659604
826.9211475709981 626.6806138955138
7509.988800680731 5859.7425321211595
4804.175260032456 4504.756152396921
8522.969047066345 5847.68177872946
582.9113056579193 2666.893783577052
9170.560414780804 4706.815495420238
6582.248550570681 6014.673080937902
3768.1411309216637 8138.463560482647
4014.7812469542155 8224.73958763385
9414.369681798787 4132.798331652429
151.09610039424126 7465.473264197436
9471.820353633866 111.23104863634659
7537.335342226184 6871.08061960744
2491.6326115496668 4762.134131731812
4657.934750310996 948.0479210685334
5923.875935750786 7600.390397849006
2345.419122628154 2566.03076886168
7235.433489698439 406.29909619710133
8855.511997927882 4438.099447387327
3965.325542222066 8659.945017270862
6090.712868514337 2028.3893566768784
4025.0592729548252 5953.7387891645085
1179.3398944721512 426.4166138741454
5930.896186158911 4630.033093082176
8740.183130339572 2740.784053488785
2944.742573958088 5212.465029940188
3120.051636614315 3003.2980684875397
7610.8729357726625 3310.1127058748293
2157.6437378858127 2487.556944104613
2069.2817345079015 6860.3210860474255
1547.6870191676428 9255.538716142346
2984.003829065571 5089.167998440968
9866.41411785619 2695.886970923477
5651.920870273724 5642.367886237005
4335.129337555649 4532.4598131390385
630.6441755104753 2305.941493028574
8804.556231760293 2059.00594729704
4035.210014292455 8697.36155540909
2691.7922967212003 2593.541873289078
