10 3
0.20639421655463952 0.16853756781276807 0.3960669008656692
0.22783574815161578 0.23990734979113726 0.3400624154752516
0.1594627962175552 0.5441278080370003 0.3950873923160275
0.560124826074872 0.9599094228209704 0.06528138749328982
0.2724191892947393 0.802234717458254 0.7029392109157833
0.26632634506187525 0.5883874876187754 0.3932519598492109
0.19144899666277915 0.8709170386542954 0.5761612193750275
0.5996331444305958 0.07762703391164805 0.25042077219298076
0.053279776120812805 0.7409262392081502 0.9660366157229642
0.3766528842853293 0.7179084215414737 0.34421711258280996
